170 1 1 2.0 0.2835950594980546 3.0202700000000005 0.917958 1.522525 0.0079296 4 1 1 1.0
171 2 2 2.0 0.32745692892992406 -20.828400000000002 10.86338 10.985425 0.007937600000000001 2 4 1 1.0
172 3 2 2.0 0.33521186312884793 -57.28619999999999 34.24147 30.665374999999997 0.007894400000000001 2 4 1 1.0
174 4 1 2.0 0.2633972367293502 61.506600000000006 30.703509999999998 30.581675 0.0074096000000000006 4 1 1 1.0
175 5 1 2.0 0.22827510352684235 21.8779 9.51001 10.994124999999999 0.0079296 4 1 1 1.0
176 6 2 2.0 0.3414544695309186 -18.16047 8.85556 9.536125 0.007937600000000001 2 4 1 1.0
190 7 1 1.904 0.24447743130541874 32.7044 14.560609999999999 8.686902000000002 0.015000000000000001 4 1 1 2.0
193 8 2 1.904 0.32820523884671665 -31.7984 17.38384 8.648010000000001 0.01579591836734694 2 4 1 2.0
194 9 2 1.904 0.3317089873200953 -14.77434 6.86779 3.8983497 0.015000000000000001 2 4 1 2.0
195 10 1 1.904 0.26488207559048443 14.968419999999998 5.22983 3.948 0.015000000000000001 4 1 1 2.0
205 11 2 2.0 0.3307093499910156 -29.8794 18.53573 16.025925 0.007894400000000001 2 4 1 1.0
206 12 1 2.0 0.26585902363928826 32.1167 16.156399999999998 16.0091 0.0074096000000000006 4 1 1 1.0
207 13 1 2.0 0.2772193717405193 23.2562 10.084529999999999 11.496725000000001 0.0074096000000000006 4 1 1 1.0
209 14 2 2.0 0.33963321845646255 -22.118000000000002 12.77608 11.489875 0.007894400000000001 2 4 1 1.0
212 15 1 1.28 1.4855736447492656 3.20533 0.94191 2.500115 0.0074096000000000006 4 1 1 1.0
213 16 2 1.28 0.321956523792264 -3.20531 1.384786 2.500115 0.007894400000000001 2 4 1 1.0
223 17 1 1.904 0.25341526240488166 43.7518 20.988740000000004 11.551511999999999 0.015000000000000001 4 1 1 2.0
225 18 2 1.904 0.3294605669112136 -42.0612 23.82329 11.528979 0.015000000000000001 2 4 1 2.0
250 19 1 2.0 0.27324089371059823 16.231489999999997 6.593500000000001 8.0223 0.010584 4 1 1 1.0
251 20 1 1.904 0.25301645467080097 28.211599999999997 10.665410000000001 7.366442999999999 0.015000000000000001 4 1 1 2.0