1 66 0.0005263038548752835 0.003990230204081633 0.21223125 0
1 66 0.0005260770975056689 0.00399092970521542 0.213410929134375 0
1 51 0.0002 0.0032 0.14550000097500002 0
1 128 0.000408 0.004344997732426303 0.2410609910625 0
1 128 0.000408 0.004481015873015873 0.25009599923437503 0
1 35 0.0007100009070294785 0.010499990566893424 0.57375001018125 0
1 51 0.0002 0.0032 0.159499999378125 0
2 119 0.0008399999999999999 0.010459999637188208 0.4982106929624999 0
2 119 0.0008399999999999999 0.010459999637188208 0.4982106929624999 0
2 125 0.00047999999999999996 0.006309986031746031 0.36060002488125 0
2 12 0.0007799981859410431 0.01260999619047619 0.7269000395343751 0
2 79 0.0010499998185941042 0.009590000181405897 0.584999973928125 0
2 125 0.00047999999999999996 0.006309986031746031 0.36060002488125 0
2 121 0.0017500001814058958 0.01936 1.1957999210718748 0
2 182 0.0006099990929705215 0.01363998185941043 0.8712200237343749 0
2 182 0.0006099990929705215 0.01363998185941043 0.8712200237343749 0
3 4 0.00014000000000000001 0.00184 0.11281699347187502 0
3 4 0.0001500001814058957 0.0016 0.11431600070625 0
4 77 0.00106 0.007319999637188208 0.528680007253125 0
4 78 0.00058 0.0074499994557823135 0.509154985828125 0
4 6 0.0006000000000000001 0.005919999637188208 0.32754998548125003 0
4 86 0.0006900001814058957 0.009970000181405895 0.59610992844375 0
4 86 0.0006900001814058957 0.009970000181405895 0.59610992844375 0
4 216 0.0008700001814058956 0.007890000181405895 0.45098749513125 0
4 216 0.0008700001814058956 0.008890000181405896 0.45098749513125 0
4 170 4e-05 0.0010700001814058957 0.05099999900625 0
4 170 4e-05 0.0010700001814058957 0.05099999900625 0
5 189 0.00037999999999999997 0.006350000181405896 0.35823999408749996 0
5 206 0.0005299990929705215 0.010110005260770974 0.585610053328125 0
5 206 0.0005900009070294785 0.010170013242630387 0.5829099908625 0
6 175 0.0010499998185941042 0.007360000362811791 0.424499972596875 0
6 86 0.0009599999999999999 0.01232000036281179 0.72119996431875 0
6 86 0.0007500001814058956 0.011959999274376418 0.6772999881375 0
6 178 0.0021 0.011099999637188208 0.010200000628125 0
6 143 0.0010700001814058957 0.012999999637188208 0.7703800334999998 0
6 143 0.0009900001814058957 0.012919999274376417 0.738300019078125 0
7 91 0.00074 0.009410000544217687 0.5772150050625 0
7 173 5.400018140589569e-05 0.000308 0.017364500409375 0
7 173 5.400018140589569e-05 0.000308 0.01736439980625 0
7 92 0.00074 0.009410000544217687 0.5772150050625 0
7 149 0.00014512471655328798 0.0014784580498866213 0.093912712621875 0
7 46 0.00023580009070294782 0.0035740001814058954 0.21420000354375 0
7 46 0.00027210013605442174 0.003501000272108844 0.21420000354375 0
7 27 0.0002539678911564626 0.004763719183673469 0.28141787264062496 0
7 27 0.0002539678911564626 0.004763719183673469 0.28141787264062496 0
7 252 0.000372 0.006875000090702948 0.42484997086875 0
7 252 0.0003710000907029479 0.006848 0.42484997086875 0
8 21 0.0016799999999999999 0.010212858775510203 2.031000110803125 0
8 21 0.001620001814058957 0.010082862222222221 2.031000110803125 0
8 72 0.001 0.006086984126984127 1.223000056884375 0
8 72 0.001 0.006086984126984127 1.223000056884375 0
9 18 0.002 0.02746050031746032 1.5489998832656249 0
9 18 0.0019199999999999998 0.027077296326530612 1.4889999672843752 0
9 14 0.0005500009070294785 0.005299990929705216 0.30230001230625003 0
9 14 0.0005500009070294785 0.005100009070294785 0.30230001230625003 0
9 122 0.0005 0.00728 0.43210001638125006 0
9 122 0.0005600000000000001 0.0071400000000000005 0.42046998367500005 0
9 239 0.00019000018140589571 0.0025 0.140630006278125 0
9 239 0.00019000018140589571 0.0025 0.140630006278125 0
10 198 0.0018499998185941044 0.011075974965986397 1.24829997193125 0
10 213 0.001209839455782313 0.011899789931972786 1.66934996431875 0
10 213 0.0012110911564625852 0.011899789931972786 1.671080022478125 0
10 119 0.0008700001814058956 0.010949999818594104 0.52139997511875 0
10 119 0.0008700001814058956 0.010850000181405896 0.52139997511875 0
10 200 0.0007900009070294783 0.0085900041723356 0.525889984921875 0
11 43 0.000539998185941043 0.007029986394557823 0.3966599802375 0
11 43 0.0005699990929705215 0.007160018140589569 0.39440000407500003 0
11 70 0.0006000000000000001 0.007550000544217687 0.43954999889062496 0
11 70 0.0006000000000000001 0.007749999818594104 0.43954999889062496 0
11 89 0.0010499998185941042 0.012610000181405895 1.2131158963218749 0
11 89 0.0010499998185941042 0.012610000181405895 1.2131158963218749 0
11 254 0.0005220001814058957 0.00738 0.45351474485625 0
12 200 0.0006500001814058957 0.005979999637188209 0.6337000035843751 0
12 200 0.0005499998185941043 0.0061600000000000005 0.611360021278125 0
13 123 0.00010884317460317461 0.0023129251700680273 0.144705879871875 0
13 123 0.00010884317460317461 0.0023038548752834466 0.144705879871875 0
13 22 0.0005900009070294785 0.011699990929705216 0.7875000242156249 0
14 43 0.00026999981859410433 0.0034600000000000004 0.392089978546875 0
14 43 0.00036999981859410426 0.004370000181405895 0.24965000628749998 0
14 157 0.00188 0.023509986394557824 1.26949999955625 0
14 157 0.001780001814058957 0.022940009433106576 1.26949999955625 0
15 61 0.00019950004535147393 0.002394599909297052 0.142332748621875 0
15 45 0.00047200000000000003 0.004417019863945578 0.22928699804062502 0
15 242 0.00023582802721088436 0.0032653097505668935 0.19050450024374999 0
15 242 0.00023582802721088436 0.0032653097505668935 0.19050450024374999 0
16 51 0.0003260001814058957 0.005489995464852608 0.3305000136375 0
16 51 0.0003260001814058957 0.005489995464852608 0.3305000136375 0
16 120 0.00034499990929705217 0.005740999909297053 0.34595000212500004 0
16 120 0.00034499990929705217 0.005740999909297053 0.34595000212500004 0
17 177 0.00082 0.014310000907029479 0.81949003605 0
17 109 0.0002099998185941043 0.0023299998185941045 0.121919996953125 0
17 197 0.00037999999999999997 0.005150000181405896 0.29753490808125 0
17 177 0.0007599999999999999 0.014399999637188209 0.8199900101531251 0
17 197 0.0003300001814058957 0.004970000181405896 0.29356520799375 0
17 214 0.0003100001814058957 0.003530000181405896 0.37786002207187497 0
17 214 0.0003100001814058957 0.003530000181405896 0.37786002207187497 0
17 169 0.0012299297959183675 0.021380100498866215 1.0119999851718748 0
19 93 0.00030000000000000003 0.0028 0.15300000115312498 0
19 93 0.00030000000000000003 0.0028 0.15300000115312498 0
20 43 0.0014299998185941043 0.021859999999999997 1.187000074771875 0
20 54 0.00074 0.010189999818594104 0.574400001459375 0
20 144 0.0010300009070294785 0.011520000362811792 0.657949965159375 0
20 220 0.0008100001814058957 0.012369999092970523 0.6842499979218749 0
20 241 0.00108 0.015559999637188208 0.978050030146875 0
20 241 0.00108 0.015559999637188208 0.978050030146875 0
21 140 0.0006600018140589569 0.0066899958276643995 0.384899991721875 0
22 107 0.0006799999999999999 0.008552997732426305 0.47810797531875 0
22 74 0.0011609999092970522 0.015074999727891157 0.8416485440999999 0
22 74 0.0011339998185941043 0.014766000181405895 0.8416499732156252 0
22 215 0.00014512 0.00280272 0.178406499009375 0
22 215 0.00014512 0.00280272 0.178406499009375 0
22 267 0.00036999981859410426 0.00638 0.379556518753125 0
23 37 0.0003499998185941043 0.0031500009070294785 0.15359000816249999 0
23 37 0.0003499998185941043 0.0031500009070294785 0.15359000816249999 0
24 142 0.0002700001814058957 0.0038399999999999997 0.23888001867187497 0
25 142 0.0002700001814058957 0.0038399999999999997 0.23888001867187497 0
26 191 0.0007 0.0023 3.292500105759375 0
26 192 0.0007 0.0023 3.292500105759375 0
27 242 0.0003900226757369614 0.005514739229024943 0.3203864944875 0
27 242 0.0003900226757369614 0.005514739229024943 0.3203864944875 0
27 262 0.00041999999999999996 0.009869999818594105 0.6342710117625 0
27 262 0.00041999999999999996 0.009869999818594105 0.6342710117625 0
28 121 0.00074 0.007579999637188209 0.429300026071875 0
28 64 0.0008399999999999999 0.008590000181405896 0.48649999446562503 0
28 150 0.0001 0.0004999981859410431 2.5000565625e-05 0
29 175 0.0004999981859410431 0.006399999637188208 0.34080001239374996 0
29 256 4.373297052154195e-05 0.0004807198185941043 0.02967815064375 0
30 130 0.0002 0.004419990929705216 0.22990000044375 0
30 130 0.0002 0.004419990929705216 0.22990000044375 0
30 117 0.0001632649433106576 0.0037551002267573698 0.22394398812187502 0
30 204 0.00017850340136054421 0.0027728620408163265 0.16831900299375002 0
30 204 0.00017850340136054421 0.0027728620408163265 0.16831900299375002 0
31 105 0.000272 0.006802177233560091 0.434108996015625 0
31 117 0.0001180001814058957 0.002848 0.1597529941875 0
31 105 0.000272 0.00700001814058957 0.434108996015625 0
31 117 0.00011790004535147391 0.002848 0.1597529941875 0
31 105 0.000272 0.006812009070294785 0.434108996015625 0
31 105 0.000272 0.006812009070294785 0.434108996015625 0
31 184 0.00026300009070294786 0.006421986394557823 0.37121202424687505 0
32 102 0.0004250670294784581 0.00643429514739229 0.38786597994375 0
32 102 0.00046392997732426305 0.006458584671201814 0.38786597994375 0
32 153 0.0002 0.0036999999999999997 0.22513001765625 0
33 35 2.4e-05 0.00021500009070294783 0.00500000011875 0
34 128 0.001016 0.007964009795918367 0.46965400669687496 0
36 184 0.0004897999092970522 0.00787299954648526 0.47239999380000003 0
36 184 0.0004897999092970522 0.00787299954648526 0.47239999380000003 0
36 204 0.0001905001360544218 0.0030110000907029475 0.18209998977187497 0
36 204 0.0001905001360544218 0.0030110000907029475 0.18209998977187497 0
36 230 0.0001995461224489796 0.005106579954648526 0.32529248994375 0
36 230 0.0001995461224489796 0.005106579954648526 0.32529248994375 0
37 74 0.0005990000907029479 0.007591999637188209 0.46480100290312504 0
37 74 0.00058 0.007591999637188209 0.46480100290312504 0
37 201 0.0002539998185941043 0.003728 0.21742399054687503 0
37 201 0.0002539998185941043 0.003728 0.21742399054687503 0
37 192 0.0012000000000000001 0.013299999274376419 0.720499967775 0
37 191 0.0012000000000000001 0.013299999274376419 0.720499967775 0
37 236 0.0005079368707482994 0.01003750058956916 0.7152358555125 0
37 236 0.0003718820861678004 0.010022700045351475 0.7121598887812499 0
38 186 0.00027210013605442174 0.002729999092970522 0.16787800299375 0
38 186 0.000272 0.002747998548752834 0.16787800299375 0
38 258 7.00001814058957e-05 0.00148 0.089881504059375 0
38 258 7.00001814058957e-05 0.00148 0.09011500391249999 0
39 163 0.0008600000000000001 0.01192 0.7117199719875 0
39 165 0.0003300001814058957 0.0052 0.345349995440625 0
39 174 0.0004599981859410431 0.005310004535147393 0.327639986690625 0
39 257 0.0005366000907029478 0.006133999818594104 0.353600008453125 0
39 257 0.0005366000907029478 0.006133999818594104 0.353600008453125 0
40 112 0.0002500001814058957 0.0038500001814058956 0.219443696128125 0
40 116 0.0002899998185941043 0.003430000181405896 0.20153330662500002 0
40 116 0.0004 0.00298 0.18569298628125 0
40 216 0.0004900001814058957 0.004240000362811792 0.25323000570000004 0
40 216 0.0005489999092970521 0.004164999909297052 0.2462189932125 0
41 100 0.0004300009070294784 0.001 0.025000001971874998 0
42 100 1.0000181405895692e-05 0.0001499998185941043 0.0093499993125 0
43 190 0.0001099998185941043 0.0014800181405895691 0.08510999568750001 0
43 190 0.00016 0.0014500136054421769 0.08484999862499999 0
43 155 0.00164 0.017999999637188208 1.711499863696875 0
43 220 0.00054 0.007619999999999999 0.42175499428125 0
44 72 0.0013 0.009967510204081632 1.5170000288624998 0
44 72 0.00126 0.010007510929705216 1.5427000756125002 0
44 49 0.0002 0.0011500045351473924 0.2712000115125 0
44 49 0.0002 0.0011800090702947846 0.2712000115125 0
45 75 0.0003446701133786848 0.009524535510204081 0.7473960313312499 0
45 75 0.0013532916099773242 0.009623582766439908 0.7473960313312499 0
45 75 0.0013532916099773242 0.01113832163265306 0.619758979284375 0
45 137 0.0005499998185941043 0.0057700001814058955 0.310095011165625 0
46 193 0.00039909986394557825 0.004916000362811791 0.28795000460625 0
46 193 0.00042629986394557826 0.004697999818594104 0.28795000460625 0
46 186 0.00017230004535147392 0.0037100001814058957 0.2240875074375 0
46 186 0.00021770013605442178 0.003718999727891157 0.2240875074375 0
47 125 0.00092 0.012970013605442178 0.808079961740625 0
47 55 0.00032 0.00476 0.29427998768437497 0
47 182 0.00011999999999999999 0.0025 0.15798249770625 0
47 182 0.00014000000000000001 0.0025 0.165392506321875 0
48 67 0.00021768707482993196 0.0037188208616780044 0.19874048807812497 0
49 111 0.00044999909297052155 0.004049995464852608 0.23999999743124997 0
49 76 0.00054 0.0066 0.3852999966375 0
49 110 0.0002899998185941043 0.0030099990929705217 0.18281001768750002 0
49 124 0.0008 0.013319981859410432 0.768259938403125 0
49 124 0.0007699990929705216 0.013379991292517008 0.76861002211875 0
49 104 0.0006000000000000001 0.006079999637188209 0.35911999580625004 0
49 76 0.00054 0.0066 0.3852999966375 0
49 104 0.0004999981859410431 0.006099991292517007 0.35813001420000007 0
50 75 0.00014499990929705216 0.002775499319727891 0.14011900304062502 0
50 75 0.00014499990929705216 0.0027569995464852607 0.14011900304062502 0
51 172 2.252988662131519e-05 0.004849995464852608 0.598106039146875 0
51 172 0.00022936997732426304 0.0048999905668934245 0.61188800439375 0
51 82 0.0009523809523809524 0.014267600181405897 0.8284862045249999 0
51 82 0.0009523809523809524 0.01426756970521542 0.8284862045249999 0
51 115 0.0007889995464852608 0.012906993922902494 0.763272983615625 0
51 114 0.0007619990929705215 0.012924988662131518 0.763272983615625 0
51 183 0.00033600000000000004 0.004481015873015873 0.3324210096375 0
52 56 0.000172 0.001088 0.061585003659375 0
52 56 0.000172 0.001088 0.061585003659375 0
53 129 0.0003446701133786848 0.005795990204081633 0.345633754134375 0
53 129 0.00040816 0.005777770158730159 0.3456335019375 0
53 97 0.0004263002267573696 0.0062579954648526075 0.376752996309375 0
54 103 0.0004199981859410431 0.006410013968253968 0.36334597064062496 0
54 103 0.00044999909297052155 0.0065299958276644 0.3882559755375 0
54 89 0.00108 0.013180009070294783 1.312920105721875 0
54 89 0.0010700009070294784 0.013210013242630386 1.284419985975 0
54 223 0.00026999981859410433 0.004920000362811791 0.28907469379687495 0
54 223 0.00026999981859410433 0.005009999818594104 0.294854781571875 0
55 85 0.00026 0.0037199999999999998 0.22560999378750002 0
55 202 0.00122 0.017589999818594104 1.095920008509375 0
55 222 0.00064 0.008899999637188209 0.5030599951125 0
55 85 0.000272 0.003746999727891156 0.22560999378750002 0
56 92 0.0010339998185941042 0.01229900045351474 0.973531337428125 0
56 92 0.0010339998185941042 0.012507999637188209 0.97353142149375 0
56 240 0.001532999909297052 0.011610000907029478 0.587949980034375 0
56 240 0.001532999909297052 0.011610000907029478 0.587949980034375 0
57 103 0.001 0.015559981496598641 0.86609192551875 0
58 113 0.000508 0.016688977052154195 0.29534998185 0
58 113 0.00037999999999999997 0.016856977414965987 0.29534998185 0
58 102 0.0002267998185941043 0.016020239455782313 0.173499999159375 0
58 102 0.0002267998185941043 0.016020239455782313 0.17860000429687498 0
58 107 0.0005441999092970521 0.006176999909297052 0.3472000000875 0
58 107 0.0005441999092970521 0.006176999909297052 0.3472000000875 0
58 194 0.0001 0.0018099998185941045 0.123249997828125 0
58 194 0.0001 0.0018099998185941045 0.123249997828125 0
59 90 0.00030000000000000003 0.00799999963718821 0.48049996896562497 0
59 90 0.00030000000000000003 0.00799999963718821 0.48049996896562497 0
60 172 0.0002 0.005054004172335601 0.307000012528125 0
60 172 0.0002 0.005054004172335601 0.307000012528125 0
60 260 0.0009500001814058956 0.014279999637188208 0.8182999906593751 0
61 63 0.00034460009070294784 0.003701010068027211 0.20798599106250004 0
61 63 0.00032650013605442177 0.0037819896598639455 0.20798599106250004 0
62 78 0.0002 0.003100001814058957 0.17950000260937501 0
62 77 0.0003300001814058957 0.00374 0.223135987921875 0
63 99 0.00043536979591836736 0.004290250158730158 0.2386406507625 0
63 99 0.00037187990929705213 0.00432630022675737 0.24157330903125002 0
64 108 0.0021999999999999997 0.022969999818594104 1.3905999583875 0
64 79 0.0016300009070294784 0.017130013605442175 1.037899970296875 0
64 79 0.0017500009070294783 0.017930013968253968 1.033599974990625 0
64 100 0.0004 0.004499990929705215 0.25830000354375 0
64 100 0.0004 0.004300009070294784 0.25830000354375 0
64 108 0.0022700001814058954 0.023460001451247166 1.375200016509375 0
64 205 0.0005099998185941043 0.006220000000000001 0.3732500244375 0
65 134 0.0011500009070294784 0.01498300299319728 0.8575000093406249 0
65 134 0.0011500009070294784 0.01482209560090703 0.8575000093406249 0
65 98 0.00030000000000000003 0.0035600000000000002 0.21299999017500001 0
65 142 0.0015699990929705216 0.012351548299319727 1.17329999495625 0
65 98 0.0002899998185941043 0.0034400000000000003 0.22599998800312499 0
65 142 0.0015699990929705216 0.012351548299319727 1.17329999495625 0
65 205 0.00025760000000000003 0.005819501496598639 0.3485250066375 0
65 253 8.337995464852607e-05 0.0011939998185941042 0.0760310019 0
65 253 8.337995464852607e-05 0.0012100001814058957 0.075381005109375 0
66 108 0.00184 0.01988 1.1618000021250001 0
66 142 0.0017230004535147391 0.024181007891156465 1.6767900229500001 0
66 142 0.0019230004535147392 0.024181007891156465 1.6875998590499999 0
66 113 0.00019954648526077098 0.0025396825396825397 0.502320001246875 0
66 113 0.0004 0.002630385487528345 0.502320001246875 0
66 218 0.0014099998185941043 0.013620000725623582 0.6800000078812499 0
67 131 0.0007981859410430839 0.018040800725623585 1.082380081978125 0
67 97 0.00042629986394557826 0.005596371882086168 0.331240006125 0
67 97 0.00043536979591836736 0.005596371882086168 0.331240006125 0
67 131 0.0007891156462585034 0.018040800725623585 1.082380081978125 0
68 71 0.0005300001814058957 0.00718 0.41962997789999995 0
68 251 0.0013599999999999999 0.02236999909297052 1.2987999596250002 0
68 251 0.0013699998185941044 0.022460000362811792 1.307499963525 0
69 133 0.0010999981859410432 0.013500009070294786 1.4200000144312501 0
69 95 0.0008300009070294784 0.012099991292517006 1.046099998715625 0
70 84 0.0005 0.0059 0.377699995575 0
70 84 0.0005 0.0059 0.377699995575 0
70 250 0.0007500001814058956 0.012739999637188209 0.743989999528125 0
70 250 0.00102 0.012780000362811792 0.755530031025 0
71 251 0.0020699998185941043 0.027189999455782314 1.9092999978281253 0
72 94 0.0005699998185941042 0.008580000362811792 0.488670012140625 0
72 94 0.0005900001814058957 0.008530000181405895 0.49412998215 0
72 122 0.0008100001814058957 0.014749999455782313 0.79900001566875 0
73 172 0.0003899998185941043 0.004743990204081633 0.3240244909125 0
73 172 0.00041723392290249437 0.00487936 0.34299877500000003 0
73 172 0.0004535151020408163 0.004897730249433106 0.34450900155 0
73 172 0.00037999999999999997 0.004734920997732426 0.32402474310937496 0
74 121 0.00158 0.014449999818594106 0.8087500143843749 0
74 121 0.00158 0.014449999818594106 0.8087500143843749 0
75 90 0.0009100009070294784 0.012339990929705214 0.6840000101812501 0
75 90 0.00116 0.013539990566893423 0.7552999792406251 0
76 81 0.0007599999999999999 0.00952 0.5520000031875 0
76 81 0.0007199999999999999 0.009510000544217688 0.552400008103125 0
77 211 0.00026999981859410433 0.0036800003628117916 0.21879999185625 0
79 156 0.003259999637188209 0.02002008888888889 1.9552000399312501 0
79 156 0.003310000181405896 0.019680091065759634 1.796700019078125 0
79 154 0.0017299990929705213 0.022640001814058956 1.2935001001781248 0
79 118 0.00092 0.009850000181405897 0.535989981909375 0
79 119 0.00022 0.0022499998185941043 0.08799999823125002 0
80 99 0.00032653097505668937 0.01290000036281179 0.152556005109375 0
80 99 0.00032653097505668937 0.012840000362811792 0.151089506465625 0
80 171 8.199981859410431e-05 0.0007980009070294784 0.046115398940624996 0
80 171 9.100009070294785e-05 0.0008069986394557822 0.046115499543749994 0
80 225 0.0001 0.00176 0.107153960878125 0
80 224 9.00001814058957e-05 0.00176 0.107161794140625 0
81 203 0.0005550294784580499 0.008316589569160997 0.41343800439374995 0
81 203 0.0005522684807256236 0.008200017777777778 0.41343800439374995 0
81 239 0.00036999981859410426 0.004929999818594104 0.277720007709375 0
81 239 0.00036999981859410426 0.004929999818594104 0.277720007709375 0
81 254 0.00020570013605442178 0.0029899998185941045 0.272108842228125 0
82 136 0.0018700001814058959 0.01959999963718821 1.0452999902625 0
82 159 0.0010030004535147392 0.011687001904761905 0.570680014865625 0
82 260 0.0004299998185941043 0.006529999818594104 0.376700004646875 0
83 84 0.00040999909297052156 0.004060009070294785 0.22013999240624998 0
84 199 0.0007800000000000001 0.008220000362811793 0.47524998937499996 0
84 199 0.0006099998185941042 0.008410000181405896 0.47949001143750003 0
84 197 0.00026 0.004189999818594104 0.229914993065625 0
84 197 0.0003100001814058957 0.004229999818594104 0.22916400176249999 0
86 139 0.0008 0.010879999637188208 0.627089984128125 0
86 138 0.0008100001814058957 0.011459999637188209 0.6645811402125 0
86 138 0.0009900001814058957 0.011459999637188209 0.741081083596875 0
87 126 0.00030000000000000003 0.004099991292517007 0.239899985521875 0
87 126 0.00030000000000000003 0.004099991292517007 0.239899985521875 0
88 93 0.0007 0.004250000181405896 0.24157400360625 0
88 112 0.00047999999999999996 0.006499990929705216 0.34999998901874996 0
88 93 0.00044 0.004229999818594104 0.239949992165625 0
89 207 8.899990929705216e-05 0.0017249995464852608 0.097847011434375 0
89 207 8.700009070294785e-05 0.0016849995464852609 0.09568199910937498 0
89 251 0.0008 0.009420000000000001 0.927440021221875 0
89 251 0.0008 0.009420000000000001 0.927440021221875 0
90 97 0.0003989986394557823 0.004218013242630386 0.233929989365625 0
90 97 0.00044400181405895693 0.0041900041723356 0.233929989365625 0
90 240 0.000571430022675737 0.004344670113378685 0.22311699873750002 0
90 240 0.000571430022675737 0.004344670113378685 0.22311699873750002 0
92 259 0.00028000000000000003 0.003969999818594104 0.24574000519687497 0
92 259 0.00028000000000000003 0.003969999818594104 0.24574000519687497 0
93 247 0.001 0.015599999274376417 0.9818164898718751 0
94 151 0.001 0.0143000083446712 0.8074999957500001 0
94 195 0.0001700001814058957 0.003609999092970522 0.19180000389375002 0
94 195 0.0001700001814058957 0.003609999092970522 0.19180000389375002 0
94 104 0.0019299998185941043 0.012482524444444448 2.369399949 0
94 227 0.0008600000000000001 0.012830000907029479 0.736700002171875 0
95 146 0.0006000000000000001 0.00648 0.42815001934687497 0
95 146 0.0006000000000000001 0.00648 0.42815001934687497 0
95 106 0.0007480018140589569 0.007816018866213153 0.39200001868124995 0
95 106 0.0006499990929705215 0.007310004172335602 0.39200001868124995 0
95 139 0.000700001814058957 0.009299990566893424 0.49110002550000004 0
96 228 0.0004499998185941043 0.00638 0.376763007009375 0
96 228 0.00046 0.006529999818594104 0.37956299594062504 0
98 154 0.0021299998185941044 0.02785000126984127 1.5911999146968747 0
98 154 0.0021299998185941044 0.02785000126984127 1.571199941784375 0
98 118 0.0018599999999999999 0.02129000090702948 1.3735999996031247 0
98 205 0.00046 0.00562 0.331770009571875 0
101 228 0.0015 0.021599999999999998 1.3486249320468748 0
101 127 0.0005 0.006900000362811791 0.38199999088125 0
101 127 0.0005 0.006900000362811791 0.38199999088125 0
102 117 0.0002449999092970522 0.0023800018140589566 0.1322099974125 0
102 117 0.00023600000000000002 0.0023699990929705213 0.132204993440625 0
102 245 8.163265306122449e-05 0.002158730158730159 0.13776000170625 0
102 245 8.163265306122449e-05 0.002158730158730159 0.13776000170625 0
103 206 0.00036999909297052156 0.006499990929705216 0.38199999088125 0
103 206 0.00037999818594104304 0.006600017777777778 0.381199982428125 0
104 261 0.0007800000000000001 0.01346 0.7887812491125 0
106 228 0.0004699998185941043 0.006100000362811791 0.359261012446875 0
106 228 0.00052 0.006279999999999999 0.366360996684375 0
107 166 0.0007900001814058956 0.008620000725623583 0.6171884950218749 0
107 196 0.00011112888888888888 0.002774060045351474 0.170279502946875 0
107 196 0.00011112888888888888 0.002774060045351474 0.170279502946875 0
108 218 0.0014899998185941043 0.01033999963718821 0.6800000078812499 0
112 127 0.0005499998185941043 0.0065 0.37396196519062497 0
113 123 0.00029931972789115646 0.004453499863945579 0.262234606921875 0
113 123 0.0003265298866213152 0.004462600272108843 0.2624550697125 0
114 133 0.0018 0.011173779954648523 2.322999934171875 0
114 133 0.0018 0.011173779954648523 2.322999934171875 0
116 139 0.00058 0.007129999455782313 0.424199979590625 0
120 123 0.00044444009070294786 0.009696 0.62184298955625 0
120 123 0.00040816 0.009705200181405896 0.62184298955625 0
120 218 0.0005099998185941043 0.012589999818594103 0.78849130815 0
120 218 0.0005099998185941043 0.012690000544217686 0.78745132265625 0
121 202 0.0003100001814058957 0.00454 0.28253499179062497 0
121 202 0.00028000000000000003 0.004039999999999999 0.24950400496874997 0
123 176 2e-05 0.00013500009070294784 0.0057899992499999995 0
123 176 2e-05 0.00014499990929705216 0.0057899992499999995 0
124 208 0.0008819990929705215 0.010865995464852608 1.0897599137906249 0
124 208 0.0007569995464852608 0.009854984852607709 0.989023973371875 0
124 261 2e-05 0.0004 0.23724000444375 0
124 261 2e-05 0.0004 0.23724000444375 0
125 237 0.0007700001814058957 0.0052 0.309251998321875 0
126 127 0.0001 0.0012499998185941043 0.06920000285625 0
126 127 0.0001 0.0012499998185941043 0.065800001728125 0
127 244 0.0001 0.0028 0.17692899328125 0
127 244 0.0002 0.003 0.19113199087499996 0
128 193 7.00001814058957e-05 0.0016799999999999999 0.092441600015625 0
131 160 0.0002899998185941043 0.0034700001814058955 0.21026359068749997 0
131 160 0.00026 0.0034799999999999996 0.21026359068749997 0
131 217 0.00018099990929705217 0.0034558000907029475 0.21994850607187497 0
131 217 0.00018099990929705217 0.0034558000907029475 0.21994850607187497 0
131 219 0.0004299998185941043 0.0098 0.696420000675 0
131 219 0.0004299998185941043 0.0098 0.696420000675 0
132 219 5.441995464852607e-05 0.001460317097505669 0.0843650033625 0
132 219 5.441995464852607e-05 0.001460317097505669 0.08436494961562499 0
132 225 6.349206349206349e-05 0.0013786800907029477 0.08730699705 0
132 225 6.349206349206349e-05 0.0013786800907029477 0.08730699705 0
133 221 0.00037999999999999997 0.005249999818594104 0.300850012575 0
133 221 0.0004 0.005229999818594104 0.300850012575 0
134 138 0.001500001814058957 0.00899998185941043 1.2051999201374999 0
134 138 0.001500001814058957 0.00899998185941043 1.306300075565625 0
134 154 0.0012499990929705216 0.01584 0.9637000844625 0
135 136 0.00023797006802721087 0.005326659773242631 0.16038149498437498 0
139 210 0.00047999999999999996 0.007519999637188209 0.42916695845624997 0
139 244 0.0007 0.010300000362811791 0.6458999929593751 0
139 244 0.0006000000000000001 0.009899999999999999 0.6240000115125001 0
140 162 0.00022 0.002300001814058957 0.130199997965625 0
141 199 0.0004300045351473923 0.0061600000000000005 0.319673500846875 0
141 199 0.0004300045351473923 0.0061600000000000005 0.319673500846875 0
145 190 0.0017066013605442178 0.021932009070294783 2.172549967284375 0
145 190 0.001804999546485261 0.022159999637188208 2.2517600238 0
147 193 0.00026300009070294786 0.002938999727891157 0.18639998645624997 0
147 193 0.00026300009070294786 0.002938999727891157 0.18639998645624997 0
147 252 0.0006300001814058956 0.012170000544217689 0.7325574672937499 0
147 252 0.00064 0.012180000000000002 0.732554943946875 0
147 258 0.0001 0.0022400000000000002 0.1349523063 0
147 258 0.0001 0.0022400000000000002 0.1349523063 0
148 242 0.0001904758276643991 0.0033197300680272105 0.19482649180312503 0
148 242 0.0001904758276643991 0.0033197300680272105 0.19482649180312503 0
151 227 0.0001699998185941043 0.0020300001814058956 0.13145199283125 0
152 175 0.0004900001814058957 0.004370000181405895 0.27360001619999996 0
152 156 0.0002 0.0021000018140589567 0.11660000310000002 0
152 175 0.0006000000000000001 0.005700000362811791 0.31174999734375003 0
152 164 0.00030000000000000003 0.003100001814058957 0.309852993121875 0
153 196 0.0005768711111111112 0.014185900408163265 1.2122600352187498 0
153 196 0.0005768711111111112 0.014185900408163265 1.2122600352187498 0
153 230 0.00011791383219954649 0.002848070022675737 0.17422049944687498 0
153 230 0.00011791383219954649 0.002848070022675737 0.17422049944687498 0
153 181 0.00033999999999999997 0.005029999818594104 0.27795500145 0
153 180 0.00033999999999999997 0.0051099998185941044 0.28272487949999997 0
155 190 0.0016700001814058958 0.01943000090702948 2.11689992784375 0
155 190 0.0016700001814058958 0.01943000090702948 2.11689992784375 0
156 198 0.0001500001814058957 0.0019900001814058955 0.119129996671875 0
158 195 0.0001499998185941043 0.0030899990929705214 0.16440001239375 0
158 195 0.0001499998185941043 0.0030899990929705214 0.16440001239375 0
158 195 0.0001499998185941043 0.0032 0.16440001239375 0
161 175 0.00040999909297052156 0.007100009433106576 0.39389998724999997 0
161 175 0.00040999909297052156 0.007100009433106576 0.39389998724999997 0
163 243 0.0002 0.0028700001814058957 0.167610005915625 0
165 174 0.0005500009070294785 0.00867000380952381 0.5511999520125 0
165 174 0.0005500009070294785 0.008499991292517007 0.5485699575562499 0
165 174 0.0005500009070294785 0.009119999637188209 0.5485699575562499 0
166 196 0.00025299990929705216 0.005505995827664399 0.347551996640625 0
166 196 0.00025299990929705216 0.005505995827664399 0.347551996640625 0
166 196 0.0002818681179138322 0.005877551383219955 0.352178985178125 0
167 199 0.0004199981859410431 0.004600017777777778 0.26711999527499997 0
168 199 0.0004999981859410431 0.00464 0.267959979 0
169 243 0.00017999999999999998 0.00266 0.15564000493125 0
170 211 0.00010499990929705215 0.004370000181405895 0.3350000107125 0
170 211 0.00010499990929705215 0.004370000181405895 0.3350000107125 0
171 187 0.00014499990929705216 0.009187990929705216 0.10094499646874999 0
171 186 0.00018140009070294783 0.009187990929705216 0.10094499646874999 0
171 217 0.0003991002267573696 0.007809995464852607 0.49777998617812497 0
171 217 0.0003991002267573696 0.007809995464852607 0.49777998617812497 0
172 252 0.0005169999092970521 0.012063000816326531 0.739049980921875 0
172 252 0.0005169999092970521 0.012063000816326531 0.739049980921875 0
175 233 0.00019000018140589571 0.0034 0.19543331193750002 0
175 233 0.00019000018140589571 0.0033500001814058956 0.19271321015625 0
177 257 0.0004310000907029479 0.004927000090702948 0.346850001815625 0
177 257 0.0004310000907029479 0.004927000090702948 0.346850001815625 0
178 255 4.373297052154195e-05 0.0004807198185941043 0.02967815064375 0
179 181 0.0 8.999981859410432e-05 0.00578800096875 0
179 225 9.100009070294785e-05 0.0021409999092970524 0.12722049860624998 0
180 225 9.100009070294785e-05 0.0021409999092970524 0.1277049949875 0
185 186 0.0006439909297052154 0.012172335238095237 0.7980775373812501 0
185 186 0.0006167800453514739 0.01221768671201814 0.7980775373812501 0
188 207 0.00033999999999999997 0.006309999818594104 0.35816601495937506 0
188 207 0.0003499998185941043 0.006399999637188208 0.35816601495937506 0
189 206 0.0006900001814058957 0.013265999455782313 0.7450000425000001 0
194 245 0.00013605006802721087 0.0035646298412698413 0.226898999578125 0
194 245 0.00013605006802721087 0.0035646298412698413 0.226898999578125 0
198 213 0.0007599999999999999 0.009770000544217687 0.576049983665625 0
199 212 9.2e-05 0.0013459990929705215 0.07446750530625 0
199 212 9.178993197278912e-05 0.0013463909297052154 0.07446750530625 0
200 209 0.0007859990929705215 0.010003011700680272 1.02216003946875 0
200 209 0.0007349986394557823 0.009527582403628118 0.9580849651406249 0
202 222 0.0006300001814058956 0.013310000181405896 0.750760005515625 0
203 212 0.0006279510204081633 0.008129995464852609 0.41343800439374995 0
203 212 0.0005699990929705215 0.008129995464852609 0.44714999995312493 0
212 261 0.0006000000000000001 0.013500000725623584 0.7968999405937499 0
212 261 0.0006000000000000001 0.013500000725623584 0.7968999405937499 0
214 251 0.0009100001814058957 0.011959999274376418 1.02160000805625 0
214 251 0.0009100001814058957 0.011959999274376418 1.02160000805625 0
215 265 0.0001995501133786848 0.003900230022675737 0.24856949702812497 0
215 265 0.0002 0.0038999996371882084 0.248574102721875 0
218 264 0.0005300001814058957 0.012919999274376417 0.812651309859375 0
218 264 0.0005300001814058957 0.012919999274376417 0.812650048875 0
221 253 0.000569299954648526 0.007969999818594104 0.455034980728125 0
221 253 0.00054 0.007969999818594104 0.47772777957187507 0
223 226 0.0007619998185941043 0.011009999818594105 0.6279950084625 0
223 226 0.0007700001814058957 0.011025000272108844 0.475604992996875 0
223 231 0.00064 0.009100000725623583 0.574999987471875 0
223 231 0.0007 0.009400000362811791 0.5187500033625 0
223 234 0.0006900001814058957 0.012529999818594104 0.7015399817343749 0
223 234 0.0006900001814058957 0.012529999818594104 0.7015399817343749 0
226 229 0.00037999999999999997 0.005679999637188209 0.324419994871875 0
232 262 0.00037999999999999997 0.008829999818594104 0.567179312765625 0
232 262 0.00037999999999999997 0.008829999818594104 0.567179312765625 0
234 235 0.0006099998185941042 0.009119999637188209 0.5238500085000001 0
234 238 0.0007599999999999999 0.010920000362811792 0.6278110094812501 0
235 238 0.0001699998185941043 0.002490000181405896 0.1428720985125 0
246 264 0.0003100001814058957 0.00664 0.40308650648437505 0
246 264 0.0003100001814058957 0.00664 0.40308650648437505 0
248 251 0.0004100001814058957 0.00754 0.4547378046093751 0
248 251 0.00041650793650793646 0.007616507936507936 0.458927695996875 0
248 251 0.0004157819501133787 0.0075686167800453515 0.46325742572812495 0
249 250 0.00040460009070294783 0.005888999909297052 0.3575500054875 0
249 250 0.00040129995464852606 0.005988999909297052 0.36759999720937503 0
249 250 0.0003971000453514739 0.005931000090702947 0.36099998707500003 0
250 254 0.0010700001814058957 0.016319999274376416 0.92448997239375 0
250 254 0.0010700001814058957 0.016319999274376416 0.92448997239375 0
262 263 2e-05 0.00037999999999999997 0.024253999481250003 0
264 266 0.0001699998185941043 0.0038399999999999997 0.23195349765 0
264 266 0.0001699998185941043 0.0038399999999999997 0.23195349765 0
268 212 0.000001 0.000001 0 0
269 213 0.000001 0.000001 0 0