1 2 7.547840000000001 0.9039559999999999 0.0 0.0 0 0.0 1.01895 0
2 2 9.542390000000001 2.2085730000000003 0.0 0.0 0 -2.36012 1.02588 0
3 1 0.0 1.7076919999999998 5.53758 0.0 0 0.0 1 0
4 1 2.25989 2.46558 0.0 0.0 0 -3.1667355371900827 1 0
5 3 0.0 0.0 17.93443 1.98422 0 -1.92 1.02147 0.325
6 1 0.0 0.0 0.452197 0.28039000000000003 0 -3.0 1 0
7 1 11.11308 0.0 0.0 1.0362723 0 0.0 1 0
8 2 0.9022209999999999 1.144206 0.0 0.0 0 -6.5600000000000005 1.03688 0
9 1 6.52245 3.3137800000000004 0.0 0.0 0 -2.18 1 0
10 1 6.01615 2.995915 0.0 0.0 0 -6.550000000000001 1 0
11 1 6.28683 0.139131 0.0 0.18705300000000002 0 -1.91 1 0
12 1 5.67603 1.097358 0.0 0.0 0 0.0 1 0
13 1 4.00007 0.107416 0.0 0.0 0 0.0 1 0
14 1 9.59378 2.8915420000000003 0.0 0.0 0 -2.18 1 0
15 1 13.57008 3.8493699999999995 0.0 0.0 0 0.0 1 0
16 2 13.35642 0.38237299999999996 0.0 0.0 0 0.0 1.02284 0
17 1 6.3025400000000005 0.0 0.0 0.405322 0 -1.09 1 0
18 1 9.6162e-05 0.924627 0.904632 0.6597362000000001 0 -2.1867768595041324 1 0
19 1 0.0 1.136203 6.42053 0.0 0 0.0 1 0
20 1 1.740822 0.483215 0.0 0.8042579999999999 0 -3.6500000000000004 1 0
21 1 0.0 0.7519610000000001 1.586843 0.0 0 -3.2800000000000002 1 0
22 2 2.3196969999999997 0.6892643 0.0 0.0 0 -1.091475 1.022066 0
23 1 0.0 0.0 8.969899999999999 0.31563199999999997 0 0.0 1 0
24 1 0.0 1.60136 6.32484 0.0 0 0.0 1 0
25 1 0.0 0.0 0.0 0.0 0 0.0 1 0
26 2 0.0 1.9366180000000002 0.398833 0.0 0 -6.56 1.02371 0
27 1 6.031359999999999 0.719681 0.0 0.0 0 -2.4 1 0
28 1 3.22816 0.9236549999999999 0.0 0.0 0 0.0 1 0
29 1 0.0 0.563962 1.187530092 0.02652036 0 0.0 1 0
30 1 0.62331788 0.780811 0.0 0.0 0 0.0 1 0
31 1 8.90938 1.1359650000000001 0.0 0.0 0 0.0 1 0
32 1 15.461960000000001 1.9098629999999999 0.0 0.0 0 0.0 1 0
33 1 0.0 0.0 0.0 0.0 0 0.0 1 0
34 1 0.0 0.00274124 0.0064683580000000004 0.0029985100000000002 0 0.0 1 0
35 1 0.02537368 0.0 0.0 0.1734412 0 0.0 1 0
36 1 6.437199999999999 0.20218960000000002 0.0 0.0 0 0.0 1 0
37 1 0.0 1.401611 0.369922 0.0 0 -1.6400000000000001 1 0
38 1 21.34686 3.42006 0.0 0.0 0 0.0 1 0
39 2 0.7290800000000001 1.390269 0.0 0.0 0 -1.09 1.02 0
40 1 0.0 2.136588 1.906025 0.0 0 0.0 1 0
41 1 0.0 0.0 1.7592400000000001 0.127338 0 0.0 1 0
42 1 0.0 0.0 3.0593500000000002 0.40163499999999996 0 0.0 1 0
43 1 3.0249 0.0 0.0 0.06504349999999999 0 -2.72 1 0
44 1 3.2682200000000003 1.3211 0.0 0.0 0 -2.72 1 0
45 1 15.741769999999999 1.7224519999999999 0.0 0.0 0 0.0 1 0
46 1 18.47847 3.5956599999999996 0.0 0.0 0 0.0 1 0
47 1 4.18367 0.539347 0.0 0.0 0 0.0 1 0
48 1 0.011965179999999999 0.00517236 15.276990000000001 1.02458478 0 0.0 1 0
49 1 2.8274600000000003 1.0603449999999999 0.0 0.0 0 -3.54 1 0
50 1 0.0 0.5610337 22.90626 0.230175 0 0.0 1 0
51 1 14.780347119999998 2.071266 0.0 1.4323e-05 0 -2.1867768595041324 1 0
52 1 0.0 1.236891 5.11242 0.0 0 0.0 1 0
53 1 8.24431 2.2788 0.0 0.0 0 0.0 1 0
54 1 3.4680299999999997 0.0 0.0 1.3528129999999998 0 -2.18 1 0
55 1 3.0043499999999996 1.059457 0.0 0.0 0 0.0 1 0
56 1 2.98364 0.0 0.0 0.179366 0 -3.2700000000000005 1 0
57 1 0.0 0.0 0.723506 0.0686239 0 0.0 1 0
58 1 5.717820000000001 0.0805091 0.0 0.0 0 0.0 1 0
59 1 0.0 0.0 14.397089999999999 0.3384526 0 0.0 1 0
60 2 8.05544 0.471397 0.0 0.0 0 0.0 1.02496 0
61 1 17.72727 0.0 0.0 0.822665 0 0.0 1 0
62 1 0.0 0.1570547 4.447520000000001 0.0 0 0.0 1 0
63 1 0.0 0.922623 28.965410000000002 0.0775645 0 0.0 1 0
64 1 1.02394 0.0298854 0.0 0.0 0 -3.8133884297520666 1 0
65 1 0.19807219999999998 1.148892 0.0 0.0 0 -2.4 1 0
66 1 18.40027 0.09758710000000001 0.0 0.397401 0 -4.920000000000001 1 0
67 1 10.246730000000001 1.944268 0.0 0.0 0 -1.6317000000000002 1 0
68 1 0.00301222 0.7575080000000001 10.063839999999999 0.0316406 0 -1.6400826446280992 1 0
69 1 0.0 1.0973160000000002 3.52316 0.0 0 -1.37 1 0
70 1 5.08433 0.0 0.0 0.443028 0 -1.09 1 0
71 2 0.0 0.09733879999999999 14.87327 0.416551 0 -2.7334710743801653 1.024 0
72 2 0.0 2.080162 3.1987499999999995 0.0 0 -2.72 1.028 0
73 2 20.68131 4.26187 0.0 0.0 0 0.0 1.01859 0
74 1 0.8562289999999999 1.142747 0.0 0.0 0 -2.6500000000000004 1 0
75 1 8.37215 1.304913 0.0 0.0 0 0.0 1 0
76 1 1.6320822600000002 1.7487309999999998 0.0 0.0 0 0.0 1 0
77 1 0.0 2.139666 3.5304 0.0 0 0.0 1 0
78 1 0.0 1.3824170000000002 3.7046599999999996 0.0 0 0.0 1 0
79 1 1.881968 1.0854810000000001 0.0 0.0 0 -5.45 1 0
80 1 21.87649 2.132732 0.0 0.24588100000000002 0 0.0 1 0
81 1 6.444937800000001 0.1306348 0.0 0.09982879999999998 0 -1.37 1 0
82 1 0.0 0.538459 0.423867 0.0 0 -3.27295 1 0
83 2 0.0 0.0 0.0 0.0 0 0.0 1.02127 0
84 2 3.87617 1.299597 0.0 0.0 0 -1.0933884297520662 1.02036 0
85 2 0.0 1.8062010000000002 14.548459999999999 0.0 0 0.0 1.0203 0
86 1 6.42094 1.88832 0.0 0.0 0 -3.8100000000000005 1 0
87 2 0.0 0.0 5.74786 0.535832 0 0.0 1.0187 0
88 1 0.0 1.572321 4.6017399999999995 0.0 0 0.0 1 0
89 2 0.0 0.0 1.248203 2.05994 0 -7.370000000000001 1.0224 0
90 1 10.81483 2.3411150000000003 0.0 0.0 0 -1.356075 1 0
91 1 0.0 0.0 0.0 0.0 0 0.0 1 0
92 2 6.21113 0.2703622 0.0 0.0 0 -2.32 1.02 0
93 1 5.04086 0.000263214 0.11562599999999999 0.388598 0 0.0 1 0
94 1 2.17525 0.8817010000000001 0.0 0.0 0 -3.8200000000000003 1 0
95 1 4.3505400000000005 1.154791 0.0 0.0 0 -1.6400000000000001 1 0
96 1 2.5155000000000003 1.496979 0.0 0.0 0 0.0 1 0
97 2 11.26697 2.3485899999999997 0.0 0.0 0 0.0 1.009 0
98 1 5.64237 1.995163 0.0 0.0 0 -3.7799999999999994 1 0
99 2 13.86678 1.597972 0.0 0.6890560000000001 0 0.0 1.006 0
100 1 0.0 0.0 0.0 0.0 0 0.0 1 0
101 1 4.16252 0.586174 0.0 0.0 0 -1.2 1 0
102 2 17.16174 3.22647 0.0 0.0 0 0.0 1.008 0
103 1 0.7452996000000001 1.288109 0.0 0.0765848 0 -2.72 1 0
104 2 1.457552 0.561126 0.0 0.0 0 -1.6400000000000001 1.03286 0
105 2 0.00982132 0.30513080000000004 17.73079 0.292706 0 0.0 1.0178 0
106 1 3.87304 0.0 0.0 0.37416400000000005 0 0.0 1 0
107 1 6.964239999999999 0.0 0.0 1.2426679999999999 0 0.0 1 0
108 1 2.898983 0.042078 0.0 0.0659869 0 -2.82 1 0
109 2 0.0 0.0 0.0 0.0 0 0.0 1.0234 0
110 1 0.0 0.0 2.04734 0.0118579 0 0.0 1 0
111 1 0.0 0.546822 1.37892 0.0 0 0.0 1 0
112 1 1.93207 0.526747 0.0 0.0 0 -1.37 1 0
113 2 16.882199999999997 0.448875 0.0 0.2251232 0 0.0 1.022 0
114 1 0.0 0.0 2.6833045999999996 1.1192096999999999 0 -3.8268595041322317 1 0
115 1 0.0 0.0 0.0 0.0 0 0.0 1 0
116 2 5.978630000000001 0.0 0.0 0.34414999999999996 0 0.0 1.021 0
117 1 15.428 1.741971 0.0 0.0 0 0.0 1 0
118 1 0.004542160999999999 2.1506343549999998 0.46978000000000003 0.00391261 0 -1.1800000000000002 1 0
119 1 1.8528660000000001 1.633124 0.0 0.0 0 0.0 1 0
120 2 5.454739999999999 2.17733 0.0 0.0 0 0.0 1.026 0
121 1 3.37711 0.484305 0.0 0.0 0 -4.2299999999999995 1 0
122 1 2.1277600000000003 0.023706900000000003 0.0 0.08053229999999999 0 -1.1 1 0
123 1 4.58486 1.664549 0.0 0.0 0 0.0 1 0
124 2 5.10924 2.098497 0.0 0.0 0 -3.2800000000000002 1.022 0
125 1 3.3746899999999997 0.367028 0.0 0.0 0 -1.2299999999999998 1 0
126 1 0.0 0.0 1.237298 0.1134208 0 0.0 1 0
127 2 11.85244 3.122663 0.0 0.0 0 -1.5 1.015 0
128 1 10.356349999999999 1.3570520000000001 0.0 0.0 0 0.0 1 0
129 1 0.0 0.0 4.89113 0.9893219999999999 0 0.0 1 0
130 2 0.0 1.8277059999999998 10.56234 0.0 0 0.0 1.008 0
131 1 5.279920000000001 0.0 0.0 0.6511361 0 -3.2634000000000003 1 0
132 1 8.312529999999999 0.0 0.0 1.792989 0 0.0 1 0
133 3 0.0 1.0309 2.9461700000000004 0.0 0 -6.550165289256198 1.0315 0.1
134 1 3.26228 1.5218349999999998 0.0 0.0 0 -4.18 1 0
135 2 0.0 0.29066739999999996 4.87373 0.0 0 0.0 1.03 0
136 1 0.0 0.2176997 7.11416 0.0 0 0.0 1 0
137 1 4.16418 1.486636 9.46611 0.0 0 0.0 1 0
138 1 1.9208730000000003 0.597415 0.0 0.0 0 0.0 1 0
139 2 4.10791 1.917439 0.0 0.0 0 0.0 1.021 0
140 1 0.0007847609999999999 0.014541479999999999 4.36518 0.2657755 0 0.0 1 0
141 2 0.0 0.0 3.3731099999999996 0.308678 0 0.0 1.02664 0
142 2 3.1847200000000004 0.0 0.0 0.444436 0 -4.36 1.025 0
143 1 0.3445988 1.22654 9.98185 0.05774868 0 0.0 1 0
144 1 0.00098535 1.125648 5.847899999999999 0.0128494 0 0.0 1 0
145 1 0.0 0.0 23.82128 1.057372 0 -3.82 1 0
146 1 0.0 4.690243 18.5231 0.0 0 0.0 1 0
147 2 19.49630279 1.1211865 0.0 0.0 0 0.0 1.01 0
148 1 0.0 0.0 0.0032937010000000004 0.1118419 0 0.0 1 0
149 1 0.0037574389999999996 0.0 0.0 0.07431525 0 0.0 1 0
150 1 0.0 0.116259 3.04262 0.0 0 0.0 1 0
151 1 0.00576109 0.17775760000000002 5.38192 0.006209880000000001 0 0.0 1 0
152 2 0.0 1.130541 7.11176 0.0 0 0.0 1.021 0
153 1 11.080960000000001 1.590635 0.0 0.0 0 0.0 1 0
154 1 0.01849645 2.42067 5.565180000000001 0.4075739 0 -3.8100000000000005 1 0
155 1 0.005875920000000001 1.6411406 14.7436 0.0659718 0 -4.62 1 0
156 1 1.5849360700000001 0.754462 4.30104 0.06852660000000001 0 -4.62 1 0
157 2 0.01270053 0.1586312 0.531834 0.553739 0 -2.0500000000000003 1.028 0
158 1 0.0108232 2.520413 20.79842 0.06111121 0 0.0 1 0
159 1 0.0 0.19569 2.10082 0.0 0 0.0 1 0
160 1 0.00319235 0.8059050000000001 9.06164 0.015479799999999998 0 0.0 1 0
161 1 0.0 2.69658 9.74173 0.0 0 0.0 1 0
162 2 0.0 0.23220400000000002 0.942701 0.0 0 0.0 1 0
163 1 0.640137 0.0394488 0.0 0.0 0 -0.8200000000000001 1 0
164 1 0.0 0.0 0.0 0.0 0 0.0 1 0
165 2 0.0 0.0 62.64236000000001 2.727689 0 0.0 1.0231 0
166 2 0.040582900000000005 0.0647661 50.92659999999999 1.103983 0 -1.5 1.0157 0
167 2 0.0 0.0 0.0 0.0 0 0.0 1.02424 0
168 2 0.0378327 0.0 0.0 0.00234439 0 0.0 1.02419 0
169 1 0.8891129999999999 0.0 0.0 0.0366891 0 -1.63 1 0
170 1 0.0 0.0668401 0.10739900000000001 0.0 0 2.6 1 0
171 1 16.87864 0.6498782999999999 0.0 0.0 0 12.040000000000001 1 0
172 1 0.0292846 0.0 0.0 0.00561993 0 33.06000000000002 1 0
173 2 1e-06 1e-06 0.0 0.0 0 13.5 1.018 0
174 1 0.00636235 1.3077459999999999 0.0 0.0 0 31.23999999999999 1 0
175 1 0.01353049 1e-06 0.0 0.0033455800000000003 0 9.8 1 0
176 1 0.0 0.0 0.0 0.0 0 9.8 1 0
177 1 3.4739500000000003 0.0 0.0 1.262356 0 -2.29 1 0
178 1 0.0044109299999999995 0.0813118 0.8350270000000001 0.1288998 0 0.0 1 0
179 2 0.0 0.139179 5.96505 0.0 0 0.0 1.008 0
180 1 0.0 0.26471 11.66817 0.0 0 0.0 1 0
181 1 0.0 0.0 0.0 0.0 0 0.0 1 0
182 1 0.0024452099999999997 1.2306992 20.4621 0.0 0 -2.4 1 0
183 2 0.001553286 0.8830659999999999 3.1804499999999996 0.027345 0 0.0 1 0
184 1 0.0 1.04322 16.2531 0.0 0 0.0 1 0
185 1 0.0 0.0 15.645119999999999 1.774343 0 0.0 1 0
186 2 26.304360000000003 1.652953 0.0 0.0710472 0 0.0 1.009 0
187 1 0.0 0.0 0.0 0.0 0 0.0 1 0
188 1 0.0 0.617412 29.472589999999997 0.285957 0 0.0 1 0
189 2 0.0 0.0 20.955889999999997 0.9947969999999999 0 -1.09 1.023 0
190 1 0.01 0.201312 0.224426 0.0 0 7.857343523142311 1 0
191 1 0.0 0.0 0.0 0.0 0 -3.28 1 0
192 1 0.0 0.0 0.0 0.0 0 -3.28 1 0
193 1 0.5298759000000001 0.272491 0.0 0.0238535 0 19.29375 1 0
194 1 2.8151654 0.41106699999999996 0.0 0.024533299999999997 0 9.08 1 0
195 1 0.00889068 0.0 0.0 0.0595939 0 4.800000000000001 1 0
196 2 0.0 0.0 0.0 0.0 0 -2.53575 1.012 0
197 1 8.37121 1.381271 0.0 0.0 0 -0.8999999999999999 1 0
198 1 1.92813 0.376552 0.0 0.0 0 -1.09 1 0
199 2 0.396382 0.981661 0.0 0.0 0 -3.2800000000000002 1.02293 0
200 2 5.555200000000001 1.4847389999999998 0.0 0.0 0 -3.006818181818182 1.015 0
201 1 1.120923 1.38471 0.0 0.0 0 0.0 1 0
202 1 2.19381 0.266653 0.0 0.0 0 -1.5 1 0
203 2 0.34259300000000004 0.530917 0.0 0.0 0 0.0 1.02598 0
204 1 2.7747900000000003 0.311405 0.0 0.0 0 0.0 1 0
205 1 6.59417 2.5428100000000002 0.0 0.0 0 16.8 1 0
206 1 0.00051137063 0.0 0.0 0.006124650000000001 0 15.0 1 0
207 1 0.0 0.0 0.01270023 0.06286810000000001 0 8.75 1 0
208 2 6.26553 3.0153559999999997 0.0 0.0 0 0.0 1.0145 0
209 1 0.0 0.864995 0.0215579 0.0 0 10.999999999999998 1 0
210 1 1.69334 0.0 0.0 0.186218 0 0.0 1 0
211 1 0.014895 0.021855799999999998 4.17981 0.0526465 0 0.0 1 0
212 1 0.0186548 0.0 0.0 0.0113736 0 2.2 1 0
213 1 0.0032061299999999997 0.0 0.0 0.0653603 0 -1.0801652892561981 1 0
214 1 0.0 0.0 0.0 0.0 0 -3.2800000000000002 1 0
215 1 0.39706300000000005 0.375923 0.0 0.0 0 0.0 1 0
216 1 2.47254 0.0 0.0 0.45298099999999997 0 0.0 1 0
217 2 7.25825 1.035707 0.0 0.0 0 0.0 1.01284 0
218 1 5.52141 2.1894620000000002 0.0 0.0 0 -2.4 1 0
219 2 17.61336 0.0 0.0 0.2299015 0 0.0 1.011 0
220 1 2.8367674199999997 0.663768 0.0 0.0 0 0.0 1 0
221 1 0.0 1.535888 1.5366300000000002 0.0 0 0.0 1 0
222 1 2.99932 0.163216 0.0 0.0 0 -1.2 1 0
223 1 0.08765289999999999 0.0 0.0 0.1935881 0 15.739999999999995 1 0
224 1 0.0 0.0 0.0 0.0 0 0.0 1 0
225 1 20.27694 1.215711 0.0 0.0 0 20.43 1 0
226 2 0.0 0.952188 11.15587 0.0 0 0.0 1.02196 0
227 2 2.73673 0.799087 0.0 0.0 0 0.0 1.0316 0
228 1 1.77254 0.0 0.0 0.366754 0 -1.0 1 0
229 1 0.00105702 0.0 2.899617 0.4903027999999999 0 -1.2 1 0
230 1 11.031759999999998 0.821662 0.0 0.0 0 0.0 1 0
231 2 0.0 0.0 13.337340000000001 1.192749 0 -1.7999999999999998 1.023 0
232 1 0.0 0.514896 12.18907 0.0 0 -1.48 1 0
233 1 0.0 0.781087 3.1837099999999996 0.0 0 0.0 1 0
234 1 0.0 0.0 0.0 0.0 0 -1.9134297520661159 1 0
235 2 0.0 0.0 4.183795 1.317111 0 -1.9134297520661159 1.023 0
236 1 0.00478339 0.9681892000000001 7.6188 0.0 0 -1.6400000000000001 1 0
237 1 4.49854 0.1458215 0.0 0.0 0 0.0 1 0
238 1 0.0 0.8751169999999999 7.93754 0.0 0 0.0 1 0
239 2 3.9798299999999998 0.7096660000000001 0.0 0.0 0 0.0 1.0213 0
240 1 7.379720000000001 0.978775 0.0 0.0 0 0.0 1 0
241 2 2.0997 0.550855 0.0 0.0 0 -1.36 1.0277 0
242 1 6.878589999999999 0.0939615 0.0 0.0 0 0.0 1 0
243 1 1.3962700000000001 0.0 0.0 0.267972 0 0.0 1 0
244 2 4.74204 1.05884 0.0 0.0 0 0.0 1.016 0
245 1 10.09338 0.27590400000000004 0.0 0.0 0 0.0 1 0
246 2 0.0 1.27249 8.57897 0.0 0 0.0 1.02358 0
247 1 0.0 0.0 3.0739099999999997 0.1913859 0 -1.2 1 0
248 2 0.0 0.0 42.56 1.781215 0 0.0 1.03539 0
249 2 0.0 0.0 49.55256 4.380889 0 -1.7 1.02 0
250 1 0.0 1.6566 0.000657671 0.009180899999999999 0 1.6499999999999988 1 0
251 1 0.00849095 0.0 0.0 0.0483437 0 6.319834710743802 1 0
252 1 0.0 0.0 0.0 0.0 0 0.0 1 0
253 1 0.028855989999999998 0.00225996 0.0 0.00193548 0 0.0 1 0
254 1 5.4455599999999995 0.0 0.0 0.0472384 0 -1.37 1 0
255 1 0.0 0.0 0.120439 0.053655 0 0.0 1 0
256 2 0.0 0.007149839999999999 0.22265999999999997 0.0 0 0.0 1 0
257 1 1.2814679999999998 0.0 0.0 0.25302199999999997 0 0.0 1 0
258 1 9.253630000000001 0.258134 0.0 0.0 0 0.0 1 0
259 2 0.0 0.494105 12.834140000000001 0.35127699999999995 0 0.0 1 0
260 1 0.0 1.11507 2.07429 0.0 0 0.0 1 0
261 2 2.6273 1.412186 0.0 0.0 0 0.0 1.022 0
262 1 0.0 0.0 0.0 0.0 0 0.0 1 0
263 2 0.0 0.0 0.0 0.0 0 0.0 1.024 0
264 1 0.0 0.0 0.0 0.0 0 -2.18 1 0
265 1 0.006525965 0.308208 2.9308199999999998 0.045031600000000005 0 0.0 1 0
266 2 0.02245146 0.162238 3.7648 0.01322914 0 0.0 1.025 0
267 1 0.0 0.0 0.0 0.0 0 0.0 1 0
268 1 0.0 0.0 0.0 0.0 0 0.0 1 0
269 1 0.0 0.0 0.0 0.0 0 0.0 1 0